000 60000 32 9 8 20 25 #lineID,batch_size,whitening_range,Th_universal,Th_learned,acg_threshold,ccg_threshold
001 60000 30 9 8 20 25
002 60000 28 9 8 20 25
003 60000 26 9 8 20 25
004 60000 24 9 8 20 25
005 60000 22 9 8 20 25
006 60000 20 9 8 20 25
007 60000 18 9 8 20 25
008 60000 16 9 8 20 25
009 60000 14 9 8 20 25
010 60000 12 9 8 20 25
011 60000 10 9 8 20 25
012 60000 08 9 8 20 25
013 60000 06 9 8 20 25
014 60000 04 9 8 20 25
015 60000 02 9 8 20 25
016 60000 01 9 8 20 25
017 60000 34 9 8 20 25
018 60000 36 9 8 20 25
019 60000 38 9 8 20 25
020 60000 40 9 8 20 25
021 60000 14 9 8 01 25
022 60000 14 9 8 01 23
023 60000 14 9 8 01 21
024 60000 14 9 8 01 19
025 60000 14 9 8 01 17
026 60000 14 9 8 01 15
027 60000 14 9 8 01 13
028 60000 14 9 8 01 11
029 60000 14 9 8 01 09
030 60000 14 9 8 01 07
031 60000 14 9 8 01 05
032 60000 14 9 8 01 03
033 60000 14 9 8 01 01
034 60000 14 9 8 01 00
